0	0.499796867370605
50	0.452165931463242
100	0.423766136169434
150	0.423232018947601
200	0.374647349119186
250	0.365260481834412
300	0.373100161552429
350	0.371725082397461
400	0.367363005876541
450	0.362567514181137
500	0.33487069606781
550	0.346177488565445
600	0.360675245523453
650	0.346792072057724
700	0.332777976989746
750	0.346706628799438
800	0.329782038927078
850	0.329175233840942
900	0.318764895200729
950	0.338738054037094
1000	0.319479465484619
1050	0.324544459581375
1100	0.313856840133667
1150	0.309952318668365
1200	0.336816877126694
1250	0.284352391958237
1300	0.311311513185501
1350	0.288812428712845
1400	0.288672119379044
1450	0.251663327217102
1500	0.289438903331757
1550	0.284571617841721
1600	0.264082014560699
1650	0.310398042201996
1700	0.267811745405197
1750	0.275113821029663
1800	0.258299261331558
1850	0.248491674661636
1900	0.303824037313461
1950	0.251275986433029
2000	0.281328469514847
2050	0.273110419511795
2100	0.286233454942703
2150	0.263383984565735
2200	0.271023720502853
2250	0.289604693651199
2300	0.276709854602814
2350	0.279007464647293
2400	0.25679686665535
2450	0.243243649601936
2500	0.252424210309982
2550	0.225094124674797
2600	0.259603470563889
2650	0.221004083752632
2700	0.24934484064579
2750	0.22637765109539
2800	0.24885855615139
2850	0.195961862802505
2900	0.221950456500053
2950	0.227653831243515
3000	0.225351050496101
3050	0.252460688352585
3100	0.230250552296638
3150	0.252059996128082
3200	0.22409625351429
3250	0.215222522616386
3300	0.226315915584564
3350	0.202796116471291
3400	0.190229222178459
3450	0.238220229744911
3500	0.244302377104759
3550	0.211204320192337
3600	0.23320709168911
3650	0.227397486567497
3700	0.189710110425949
3750	0.226721912622452
3800	0.213529840111732
3850	0.211740583181381
3900	0.22040893137455
3950	0.219675779342651
4000	0.202721133828163
4000	0.287298560142517
4050	0.256274402141571
4100	0.223833560943604
4150	0.236789256334305
4200	0.233454048633575
4250	0.219930469989777
4300	0.239118874073029
4350	0.229912847280502
4400	0.217759415507317
4450	0.235504686832428
4500	0.213810384273529
4550	0.26155349612236
4600	0.20610137283802
4650	0.228464022278786
4700	0.241172507405281
4750	0.222111135721207
4800	0.207235872745514
4850	0.229351386427879
4900	0.228597238659859
4950	0.234172031283379
5000	0.224007338285446
5050	0.206943139433861
5100	0.209553673863411
5150	0.176387891173363
5200	0.20860667526722
5250	0.200603276491165
5300	0.178652346134186
5350	0.204914331436157
5400	0.189102992415428
5450	0.21617703139782
5500	0.22479410469532
5550	0.215171486139297
5600	0.177193313837051
5650	0.208058163523674
5700	0.20917834341526
5750	0.20809331536293
5800	0.224523812532425
5850	0.204389959573746
5900	0.215261951088905
5950	0.209268361330032
6000	0.19353199005127
6050	0.199318990111351
6100	0.204783841967583
6150	0.220164030790329
6200	0.204759180545807
6250	0.213306441903114
6300	0.244050815701485
6350	0.211243107914925
6400	0.241141751408577
6450	0.199722304940224
6500	0.201702505350113
6550	0.235820233821869
6600	0.201378360390663
6650	0.203827187418938
6700	0.194043278694153
6750	0.205695450305939
6800	0.18644192814827
6850	0.218087419867516
6900	0.18773652613163
6950	0.194396674633026
7000	0.163936257362366
7050	0.176480859518051
7100	0.212244465947151
7150	0.177999645471573
7200	0.175787806510925
7250	0.220629140734673
7300	0.217042148113251
7350	0.210700541734695
7400	0.23697529733181
7450	0.204310387372971
7500	0.20389224588871
7550	0.222442731261253
7600	0.2473995834589
7650	0.222100228071213
7700	0.235734567046165
7750	0.207464143633842
7800	0.191346794366837
7850	0.207008749246597
7900	0.185093596577644
7950	0.204801097512245
8000	0.213388860225677
8050	0.164016097784042
8100	0.199673146009445
8150	0.193729221820831
8200	0.18639749288559
8250	0.172907739877701
8300	0.203497260808945
8350	0.216578871011734
8400	0.202000930905342
8450	0.190430745482445
8500	0.189399525523186
8550	0.214670822024345
8600	0.17816835641861
8650	0.175450131297112
8700	0.193388804793358
8750	0.192498102784157
8800	0.202088594436646
8850	0.187032461166382
8900	0.185613989830017
8950	0.166663199663162
9000	0.192700579762459
9050	0.182308346033096
9100	0.16523851454258
9150	0.199234217405319
9200	0.181883558630943
9250	0.175571605563164
9300	0.181268751621246
9350	0.189676403999329
9400	0.19462276995182
9450	0.203120902180672
9500	0.186626851558685
9550	0.192761346697807
9600	0.197828724980354
9650	0.177506774663925
9700	0.183422192931175
9750	0.182083755731583
9800	0.175893634557724
9850	0.184143677353859
9900	0.203266561031342
9950	0.192493051290512
10000	0.183674961328506
10050	0.195581018924713
10100	0.15523037314415
10150	0.159942477941513
10200	0.174836829304695
10250	0.161488309502602
10300	0.190100073814392
10350	0.137736946344376
10400	0.164706289768219
10450	0.194777056574821
10500	0.151948168873787
10550	0.176454693078995
10600	0.177873715758324
10650	0.170763269066811
10700	0.18650421500206
10750	0.168172925710678
10800	0.170358940958977
10850	0.169497221708298
10900	0.188726171851158
10950	0.181351840496063
11000	0.158437281847
11050	0.164826676249504
11100	0.174321487545967
11150	0.177723437547684
11200	0.184911623597145
11250	0.166071712970734
11300	0.181023165583611
11350	0.172734379768372
11400	0.190472677350044
11450	0.159628316760063
11500	0.184484884142876
11550	0.175312638282776
11600	0.171853438019753
11650	0.149195745587349
11700	0.16283942759037
11750	0.188691839575768
11800	0.200550854206085
11850	0.172407805919647
11900	0.153905764222145
11950	0.162707015872002
12000	0.181278318166733
12050	0.165788158774376
12100	0.167638823390007
12150	0.173699006438255
12200	0.180258795619011
12250	0.189677476882935
12300	0.166765704751015
12350	0.191469252109528
12400	0.167295053601265
12450	0.158372610807419
12500	0.168872132897377
12550	0.18170453608036
12600	0.171128243207932
12650	0.15859580039978
12700	0.176265001296997
12750	0.180624023079872
12800	0.174767851829529
12850	0.181444987654686
12900	0.185044333338737
12950	0.174862161278725
13000	0.154383286833763
13050	0.148376286029816
13100	0.186531215906143
13150	0.151012480258942
13200	0.178976446390152
13250	0.153811395168304
13300	0.155136868357658
13350	0.162942320108414
13400	0.159191936254501
13450	0.175436735153198
13500	0.161223948001862
13550	0.181796655058861
13600	0.165728121995926
13650	0.148497045040131
13700	0.188586890697479
13750	0.158759400248528
13800	0.164536714553833
13850	0.140389442443848
13900	0.164202839136124
13950	0.179344967007637
14000	0.158992975950241
14050	0.14631187915802
14100	0.131097167730331
14150	0.173574417829514
14200	0.134067416191101
14250	0.152825281023979
14300	0.164359524846077
14350	0.165996447205544
14400	0.16132840514183
14450	0.166044116020203
14500	0.161129787564278
14550	0.158389329910278
14600	0.163009360432625
14650	0.173246204853058
14700	0.143993899226189
14750	0.160185307264328
14800	0.158668354153633
14850	0.145568996667862
14900	0.170838117599487
14950	0.170823320746422
15000	0.15385714173317
15050	0.161013424396515
15100	0.160680770874023
15150	0.171973317861557
15200	0.146446287631989
15250	0.155481263995171
15300	0.151481613516808
15350	0.150383844971657
15400	0.155412808060646
15450	0.145962119102478
15500	0.139557257294655
15550	0.157354563474655
15600	0.143605336546898
15650	0.148726314306259
15700	0.161649122834206
15750	0.152440696954727
15800	0.164389029145241
15850	0.134630367159843
15900	0.147014319896698
15950	0.158166989684105
16000	0.126642912626266
16050	0.141940996050835
16100	0.163275256752968
16150	0.143313199281693
16200	0.146684125065804
16250	0.149805158376694
16300	0.156114965677261
16350	0.162377834320068
16400	0.130591988563538
16450	0.143756449222565
16500	0.146517649292946
16550	0.154825448989868
16600	0.144343420863152
16650	0.142351225018501
16700	0.16816745698452
16750	0.143106997013092
16800	0.146702840924263
16850	0.150230407714844
16900	0.160327434539795
16950	0.129667714238167
17000	0.132419973611832
17050	0.113661572337151
17100	0.15278922021389
17150	0.130535557866096
17200	0.144534081220627
17250	0.158032789826393
17300	0.130219399929047
17350	0.142515197396278
17400	0.145262613892555
17450	0.122887089848518
17500	0.165752917528152
17550	0.132539138197899
17600	0.141283422708511
17650	0.139801040291786
17700	0.139859899878502
17750	0.139967024326324
17800	0.138588771224022
17850	0.137478873133659
17900	0.148347541689873
17950	0.145569935441017
18000	0.132524788379669
18050	0.141627863049507
18100	0.142502397298813
18150	0.127210319042206
18200	0.136453434824944
18250	0.139380231499672
18300	0.121212147176266
18350	0.142204329371452
18400	0.156190887093544
18450	0.164321288466454
18500	0.151376262307167
18550	0.13397316634655
18600	0.146135658025742
18650	0.159098550677299
18700	0.158568039536476
18750	0.155406683683395
18800	0.136046350002289
18850	0.145072668790817
18900	0.143409237265587
18950	0.140176683664322
19000	0.166302174329758
19050	0.126408472657204
19100	0.137625828385353
19150	0.137307465076447
19200	0.137442052364349
19250	0.138862982392311
19300	0.122189559042454
19350	0.154074400663376
19400	0.143586173653603
19450	0.119363635778427
19500	0.129622757434845
19550	0.131235852837563
19600	0.125543907284737
19650	0.148360103368759
19700	0.139995560050011
19750	0.11943344026804
19800	0.149891644716263
19850	0.147314459085464
19900	0.113640546798706
19950	0.124723926186562
20000	0.130449801683426
20050	0.119134433567524
20100	0.135085448622704
