0	-34.8554039001465
50	-34.100399017334
100	-54.5521965026855
150	-35.1025810241699
200	-52.1759872436523
250	-46.177490234375
300	-32.0562553405762
350	-44.2419242858887
400	-40.1986923217773
450	-39.2272911071777
500	-74.7597351074219
550	-50.5872764587402
600	-45.4605751037598
650	-63.7109870910645
700	-66.1787414550781
750	-45.0901947021484
800	-84.9151840209961
850	-75.8252563476562
900	-75.0077667236328
950	-80.5967788696289
1000	-70.0999526977539
1050	-91.6397171020508
1100	-85.4531021118164
1150	-76.8560943603516
1200	-72.7581481933594
1250	-89.5093078613281
1300	-85.7980346679688
1350	-80.4617080688477
1400	-110.017051696777
1450	-100.076171875
1500	-111.257011413574
1550	-84.8264846801758
1600	-130.199829101562
1650	-79.2235565185547
1700	-113.799339294434
1750	-99.9537506103516
1800	-116.904861450195
1850	-113.455154418945
1900	-90.3657913208008
1950	-124.301795959473
2000	-113.34107208252
2050	-133.148986816406
2100	-116.084083557129
2150	-128.066497802734
2200	-116.16162109375
2250	-112.165702819824
2300	-131.08659362793
2350	-126.448974609375
2400	-150.059616088867
2450	-144.783081054688
2500	-133.694305419922
2550	-168.020309448242
2600	-125.621856689453
2650	-158.961975097656
2700	-128.213150024414
2750	-149.587036132812
2800	-139.849472045898
2850	-141.235092163086
2900	-163.496139526367
2950	-132.053115844727
3000	-156.325149536133
3050	-115.895652770996
3100	-133.867172241211
3150	-120.298225402832
3200	-135.602325439453
3250	-132.990539550781
3300	-129.524200439453
3350	-145.925537109375
3400	-139.233932495117
3450	-172.028167724609
3500	-124.571350097656
3550	-160.411010742188
3600	-145.435806274414
3650	-146.608123779297
3700	-201.177169799805
3750	-159.542282104492
3800	-177.889831542969
3850	-171.202621459961
3900	-163.803863525391
3950	-163.290618896484
4000	-167.123397827148
4000	-111.686920166016
4050	-163.273666381836
4100	-182.535781860352
4150	-198.409408569336
4200	-184.763168334961
4250	-208.819946289062
4300	-198.44677734375
4350	-207.020950317383
4400	-188.399215698242
4450	-228.968795776367
4500	-201.778869628906
4550	-189.122467041016
4600	-229.363006591797
4650	-224.313949584961
4700	-198.194671630859
4750	-221.582855224609
4800	-227.489807128906
4850	-213.041839599609
4900	-244.166519165039
4950	-214.191680908203
5000	-254.078521728516
5050	-232.210540771484
5100	-282.867553710938
5150	-250.801483154297
5200	-258.554870605469
5250	-253.334762573242
5300	-244.281204223633
5350	-252.181640625
5400	-238.581634521484
5450	-266.149963378906
5500	-252.655120849609
5550	-245.004669189453
5600	-274.898132324219
5650	-248.454116821289
5700	-271.818054199219
5750	-256.238006591797
5800	-260.024291992188
5850	-264.680999755859
5900	-249.512924194336
5950	-267.316009521484
6000	-246.666778564453
6050	-255.902542114258
6100	-269.954223632812
6150	-245.184921264648
6200	-284.975616455078
6250	-238.421951293945
6300	-242.569641113281
6350	-251.870544433594
6400	-242.089172363281
6450	-265.114898681641
6500	-261.418151855469
6550	-236.150695800781
6600	-267.036804199219
6650	-275.695831298828
6700	-261.726654052734
6750	-258.807403564453
6800	-255.103210449219
6850	-259.520812988281
6900	-282.868774414062
6950	-257.366912841797
7000	-274.003173828125
7050	-221.985443115234
7100	-249.185974121094
7150	-225.928909301758
7200	-234.449279785156
7250	-210.719879150391
7300	-228.207504272461
7350	-217.23779296875
7400	-188.644256591797
7450	-248.963241577148
7500	-217.511138916016
7550	-229.982223510742
7600	-237.606918334961
7650	-218.13525390625
7700	-239.265991210938
7750	-252.110656738281
7800	-251.127349853516
7850	-257.011566162109
7900	-276.342895507812
7950	-241.128326416016
8000	-255.560897827148
8050	-298.951995849609
8100	-256.154479980469
8150	-270.173858642578
8200	-266.121643066406
8250	-282.494750976562
8300	-266.13720703125
8350	-275.141174316406
8400	-277.854370117188
8450	-286.393280029297
8500	-296.514465332031
8550	-292.289093017578
8600	-319.335601806641
8650	-337.236145019531
8700	-310.865509033203
8750	-297.464599609375
8800	-303.207489013672
8850	-314.685913085938
8900	-307.849578857422
8950	-345.306488037109
9000	-300.724914550781
9050	-331.608367919922
9100	-345.473663330078
9150	-314.990417480469
9200	-331.550689697266
9250	-347.992065429688
9300	-314.635345458984
9350	-318.073944091797
9400	-330.493743896484
9450	-321.978607177734
9500	-334.857391357422
9550	-352.462432861328
9600	-331.943084716797
9650	-341.184936523438
9700	-336.550689697266
9750	-370.453033447266
9800	-328.436950683594
9850	-351.994384765625
9900	-351.161010742188
9950	-332.532653808594
10000	-360.375366210938
10050	-353.223876953125
10100	-351.388580322266
10150	-377.882965087891
10200	-362.640930175781
10250	-352.575469970703
10300	-341.8447265625
10350	-383.646453857422
10400	-348.843841552734
10450	-338.027191162109
10500	-370.619018554688
10550	-335.505401611328
10600	-338.771179199219
10650	-344.842895507812
10700	-328.181213378906
10750	-361.518157958984
10800	-338.583587646484
10850	-346.561401367188
10900	-353.165283203125
10950	-348.574340820312
11000	-358.444061279297
11050	-349.501525878906
11100	-346.353790283203
11150	-336.330627441406
11200	-350.289489746094
11250	-333.738891601562
11300	-322.659790039062
11350	-351.268035888672
11400	-304.232238769531
11450	-339.759582519531
11500	-340.704925537109
11550	-320.957458496094
11600	-349.721160888672
11650	-365.618438720703
11700	-339.850280761719
11750	-341.136962890625
11800	-333.962493896484
11850	-333.465393066406
11900	-367.424377441406
11950	-352.727020263672
12000	-308.495910644531
12050	-366.633483886719
12100	-343.473785400391
12150	-341.955688476562
12200	-350.362579345703
12250	-349.871551513672
12300	-370.836334228516
12350	-372.189880371094
12400	-362.932342529297
12450	-367.811492919922
12500	-388.812103271484
12550	-361.312805175781
12600	-364.475738525391
12650	-420.440521240234
12700	-362.705078125
12750	-370.063842773438
12800	-382.164764404297
12850	-371.363861083984
12900	-372.173431396484
12950	-390.482849121094
13000	-387.514801025391
13050	-380.852416992188
13100	-382.733093261719
13150	-375.698760986328
13200	-366.105773925781
13250	-408.641021728516
13300	-382.088958740234
13350	-374.637390136719
13400	-386.017730712891
13450	-360.808197021484
13500	-393.545196533203
13550	-382.990753173828
13600	-383.508819580078
13650	-412.739807128906
13700	-399.059753417969
13750	-396.400360107422
13800	-393.221557617188
13850	-416.591247558594
13900	-393.819427490234
13950	-395.223480224609
14000	-400.209930419922
14050	-419.979309082031
14100	-401.513000488281
14150	-415.074188232422
14200	-412.700012207031
14250	-396.705169677734
14300	-406.801239013672
14350	-401.003814697266
14400	-409.019683837891
14450	-411.776245117188
14500	-434.064025878906
14550	-405.379760742188
14600	-422.386108398438
14650	-412.929382324219
14700	-414.635040283203
14750	-432.584991455078
14800	-438.487854003906
14850	-431.559844970703
14900	-445.086029052734
14950	-449.304412841797
15000	-427.966247558594
15050	-479.363891601562
15100	-456.868774414062
15150	-417.063751220703
15200	-492.445434570312
15250	-451.495361328125
15300	-433.225158691406
15350	-465.730010986328
15400	-463.490966796875
15450	-443.207122802734
15500	-453.100860595703
15550	-456.211791992188
15600	-435.603790283203
15650	-460.434722900391
15700	-444.886810302734
15750	-419.331634521484
15800	-446.580383300781
15850	-450.966888427734
15900	-441.012817382812
15950	-445.000946044922
16000	-470.810089111328
16050	-445.174133300781
16100	-459.972473144531
16150	-453.590728759766
16200	-469.614624023438
16250	-458.575988769531
16300	-433.385437011719
16350	-460.397735595703
16400	-464.772094726562
16450	-454.658660888672
16500	-447.566436767578
16550	-448.577941894531
16600	-468.407257080078
16650	-433.249053955078
16700	-433.828094482422
16750	-464.243713378906
16800	-473.795440673828
16850	-462.722259521484
16900	-467.114685058594
16950	-498.760375976562
17000	-478.087188720703
17050	-490.099365234375
17100	-466.686401367188
17150	-479.840362548828
17200	-468.964599609375
17250	-476.145690917969
17300	-496.415466308594
17350	-473.949188232422
17400	-495.475708007812
17450	-494.514526367188
17500	-485.257507324219
17550	-497.748840332031
17600	-487.775848388672
17650	-514.931823730469
17700	-492.806457519531
17750	-473.662261962891
17800	-517.071960449219
17850	-507.036407470703
17900	-476.909606933594
17950	-488.728271484375
18000	-504.254791259766
18050	-499.530792236328
18100	-492.695068359375
18150	-515.397583007812
18200	-518.02294921875
18250	-500.569488525391
18300	-527.594055175781
18350	-522.813598632812
18400	-489.260711669922
18450	-489.258178710938
18500	-515.89404296875
18550	-521.393737792969
18600	-499.598754882812
18650	-519.266357421875
18700	-497.233367919922
18750	-522.562744140625
18800	-513.705078125
18850	-492.776947021484
18900	-522.391479492188
18950	-510.848114013672
19000	-483.207275390625
19050	-538.872131347656
19100	-513.136840820312
19150	-528.063049316406
19200	-547.435607910156
19250	-526.300537109375
19300	-538.508605957031
19350	-528.87548828125
19400	-533.607788085938
19450	-546.829833984375
19500	-535.557250976562
19550	-543.67431640625
19600	-532.432250976562
19650	-538.378112792969
19700	-531.70654296875
19750	-561.965026855469
19800	-541.985412597656
19850	-553.755249023438
19900	-594.84423828125
19950	-558.913024902344
20000	-556.324401855469
20050	-581.405517578125
20100	-548.569091796875
