0	-13.8683376312256
50	-14.243748664856
100	-14.5020999908447
150	-13.8290719985962
200	-11.2935094833374
250	-11.3392858505249
300	-11.3677530288696
350	-12.0101194381714
400	-11.6330881118774
450	-13.8216638565063
500	-13.1812086105347
550	-15.2232351303101
600	-15.7489156723022
650	-14.0254678726196
700	-15.5415821075439
750	-18.0076198577881
800	-18.2184104919434
850	-16.7652034759521
900	-17.4519062042236
950	-18.2954330444336
1000	-18.8109817504883
1050	-19.2981948852539
1100	-17.6874027252197
1150	-19.086088180542
1200	-20.2832260131836
1250	-20.3148651123047
1300	-20.0467472076416
1350	-18.5244216918945
1400	-20.9390277862549
1450	-19.3063869476318
1500	-21.0505313873291
1550	-23.0185203552246
1600	-21.8719139099121
1650	-23.5435009002686
1700	-27.2054672241211
1750	-27.3329544067383
1800	-26.2043266296387
1850	-25.1625289916992
1900	-26.7550487518311
1950	-26.7262630462646
2000	-26.325288772583
2050	-25.8102436065674
2100	-24.4203128814697
2150	-24.7893180847168
2200	-23.2036685943604
2250	-26.4590644836426
2300	-22.1427803039551
2350	-25.0101757049561
2400	-26.2277755737305
2450	-25.8716716766357
2500	-28.7283306121826
2550	-26.9905891418457
2600	-30.2627372741699
2650	-28.4059219360352
2700	-27.9705276489258
2750	-26.8286418914795
2800	-26.0282764434814
2850	-29.6532974243164
2900	-28.9207134246826
2950	-28.8581485748291
3000	-28.2858963012695
3050	-26.6087055206299
3100	-27.4671459197998
3150	-25.9826564788818
3200	-29.9278221130371
3250	-27.5862865447998
3300	-27.3499603271484
3350	-26.5207080841064
3400	-27.5676116943359
3450	-28.8783988952637
3500	-30.6717700958252
3550	-29.7897071838379
3600	-30.3054389953613
3650	-30.8889598846436
3700	-31.4318752288818
3750	-30.0040607452393
3800	-30.5367622375488
3850	-31.7270240783691
3900	-32.9252548217773
3950	-32.9712295532227
4000	-31.3440971374512
4050	-32.0732231140137
4100	-31.6862640380859
4150	-36.2257537841797
4200	-33.2908821105957
4250	-35.848575592041
4300	-34.1236419677734
4350	-35.1271934509277
4400	-37.1225738525391
4450	-35.5793228149414
4500	-36.8928680419922
4550	-36.0316543579102
4600	-37.1195182800293
4650	-35.6051826477051
4700	-38.0113525390625
4750	-37.1195449829102
4800	-37.9994735717773
4850	-37.6557083129883
4900	-37.7982330322266
4950	-37.700023651123
5000	-37.5618171691895
5050	-37.8415565490723
5100	-38.8849143981934
5150	-39.6385765075684
5200	-39.8763542175293
5250	-41.551326751709
5300	-38.1932525634766
5350	-39.7423133850098
5400	-39.0459136962891
5450	-40.8520011901855
5500	-39.9852180480957
5550	-39.5015907287598
5600	-41.0327796936035
5650	-38.4966621398926
5700	-40.769962310791
5750	-40.7318878173828
5800	-40.6659774780273
5850	-39.3316116333008
5900	-39.489143371582
5950	-37.5371971130371
6000	-38.5392303466797
6050	-37.6795539855957
6100	-39.1293067932129
6150	-37.843921661377
6200	-37.8405342102051
6250	-38.1777648925781
6300	-38.0101776123047
6350	-39.9799652099609
6400	-38.8561477661133
6450	-39.5970268249512
6500	-36.8064994812012
6550	-38.943473815918
6600	-38.7009620666504
6650	-40.0024833679199
6700	-38.6371421813965
6750	-41.1383171081543
6800	-41.3425979614258
6850	-42.6222114562988
6900	-44.4627799987793
6950	-45.2066612243652
7000	-43.5828399658203
7050	-45.7681922912598
7100	-47.0697212219238
7150	-46.6307754516602
7200	-45.3269233703613
7250	-46.2144012451172
7300	-48.7389793395996
7350	-45.8384284973145
7400	-48.1623992919922
7450	-45.6733703613281
7500	-50.6279792785645
7550	-45.8892097473145
7600	-48.400390625
7650	-47.3368034362793
7700	-47.7368354797363
7750	-47.3210296630859
7800	-47.4116973876953
7850	-47.4779777526855
7900	-47.9503898620605
7950	-48.186954498291
8000	-47.2886238098145
8050	-46.2149887084961
8100	-44.4710121154785
8150	-47.5803527832031
8200	-46.9528617858887
8250	-47.7677154541016
8300	-49.5764198303223
8350	-47.03857421875
8400	-49.8535346984863
8450	-46.2557487487793
8500	-46.3218460083008
8550	-48.7607307434082
8600	-47.1460266113281
8650	-46.4442176818848
8700	-46.8998107910156
8750	-48.9073181152344
8800	-49.0711441040039
8850	-50.60205078125
8900	-47.7853355407715
8950	-49.0477294921875
9000	-49.3591995239258
9050	-49.4906768798828
9100	-50.8731307983398
9150	-51.0051078796387
9200	-49.8757553100586
9250	-49.7188949584961
9300	-50.4834098815918
9350	-49.8931579589844
9400	-52.161865234375
9450	-48.5858917236328
9500	-50.9979820251465
9550	-48.5491752624512
9600	-50.4751663208008
9650	-49.6143951416016
9700	-52.9393692016602
9750	-48.3485260009766
9800	-50.495532989502
9850	-50.0357437133789
9900	-52.6010704040527
9950	-50.8371696472168
10000	-51.9018669128418
10000	-50.9286422729492
10050	-48.9561805725098
10100	-53.2471580505371
10150	-49.5642127990723
10200	-51.0217094421387
10250	-50.7007064819336
10300	-52.3633193969727
10350	-50.5501174926758
10400	-52.8138656616211
10450	-51.3487358093262
10500	-52.4217834472656
10550	-53.6144332885742
10600	-53.1603546142578
10650	-55.5022964477539
10700	-52.1131362915039
10750	-55.0128631591797
10800	-53.9509582519531
10850	-53.0098419189453
10900	-54.0969619750977
10950	-52.7869682312012
11000	-55.7155075073242
11050	-54.5880851745605
11100	-53.1944961547852
11150	-55.4990119934082
11200	-55.1297988891602
11250	-55.1344337463379
11300	-56.4879989624023
11350	-56.1821174621582
11400	-57.7105178833008
11450	-55.4094772338867
11500	-59.4343795776367
11550	-57.9200325012207
11600	-57.7511901855469
11650	-59.3970031738281
11700	-56.9508399963379
11750	-58.2290229797363
11800	-58.6688041687012
11850	-56.1556549072266
11900	-59.9097061157227
11950	-56.3799514770508
12000	-60.2808609008789
12050	-60.2982025146484
12100	-57.2396965026855
12150	-62.666561126709
12200	-62.157413482666
12250	-59.9748420715332
12300	-61.8234710693359
12350	-60.5234489440918
12400	-59.7019348144531
12450	-64.8512802124023
12500	-59.5574760437012
12550	-61.4808921813965
12600	-64.4157180786133
12650	-59.7351760864258
12700	-62.7183799743652
12750	-62.9520378112793
12800	-59.3976211547852
12850	-63.3685455322266
12900	-64.425895690918
12950	-59.2932434082031
13000	-62.9298553466797
13050	-65.3112030029297
13100	-60.0182418823242
13150	-64.50537109375
13200	-66.183235168457
13250	-61.6833801269531
13300	-62.9237289428711
13350	-66.9081802368164
13400	-61.6529502868652
13450	-61.5205192565918
13500	-64.6448669433594
13550	-63.7748565673828
13600	-61.7991905212402
13650	-63.9707412719727
13700	-65.3337478637695
13750	-62.2572364807129
13800	-64.9506225585938
13850	-64.2898178100586
13900	-61.4117240905762
13950	-64.7962112426758
14000	-67.7394256591797
14050	-65.9507369995117
14100	-63.7717933654785
14150	-65.7800521850586
14200	-64.1090240478516
14250	-62.7541160583496
14300	-67.462516784668
14350	-65.8749694824219
14400	-63.2995796203613
14450	-65.5408325195312
14500	-67.3742599487305
14550	-62.168701171875
14600	-65.9609375
14650	-66.8428039550781
14700	-62.7707214355469
14750	-66.336067199707
14800	-64.9663391113281
14850	-63.625301361084
14900	-64.8880310058594
14950	-68.24560546875
15000	-64.829719543457
15050	-66.229606628418
15100	-67.1476287841797
15150	-64.5279693603516
15200	-69.2675704956055
15250	-67.391357421875
15300	-65.3688735961914
15350	-67.3361892700195
15400	-69.1220321655273
15450	-67.0339050292969
15500	-68.478889465332
15550	-69.3661193847656
15600	-67.8265762329102
15650	-66.6583862304688
15700	-69.1651840209961
15750	-67.5274124145508
15800	-65.4486312866211
15850	-69.2043228149414
15900	-68.3593673706055
15950	-67.2983551025391
16000	-69.2774887084961
16000	-69.6911697387695
16050	-66.8778610229492
16100	-64.6948394775391
16150	-69.2949066162109
16200	-66.0154571533203
16250	-66.0092391967773
16300	-69.5340118408203
16350	-69.5149383544922
16400	-66.7260055541992
16450	-70.722785949707
16500	-72.4771118164062
16550	-67.3483963012695
16600	-70.1315155029297
16650	-71.2775115966797
16700	-69.4097595214844
16750	-69.9977569580078
16800	-73.8941345214844
16850	-70.8251724243164
16900	-69.4027404785156
16950	-70.4509582519531
17000	-74.5768203735352
17050	-74.1596603393555
17100	-71.4757537841797
17150	-73.069694519043
17200	-74.2229995727539
17250	-73.261100769043
17300	-70.2919616699219
17350	-72.2164764404297
17400	-74.0450210571289
17450	-72.0502624511719
17500	-69.8678207397461
17550	-74.1888961791992
17600	-75.4208908081055
17650	-74.623893737793
17700	-72.0314331054688
17750	-73.817138671875
17800	-76.2880935668945
17850	-72.8372573852539
17900	-68.6909255981445
17950	-74.6950149536133
18000	-76.607307434082
18050	-74.9387969970703
18100	-73.1389846801758
18150	-73.5737762451172
18200	-78.3110427856445
18250	-75.2653503417969
18300	-72.3777313232422
18350	-72.7707748413086
18400	-75.457160949707
18450	-73.7961730957031
18500	-73.7085647583008
18550	-71.2917709350586
18600	-73.6893844604492
18650	-76.3438949584961
18700	-75.6989364624023
18750	-73.1510620117188
18800	-74.5914077758789
18850	-76.613655090332
18900	-75.9786071777344
18950	-74.6886901855469
19000	-76.7075805664062
19050	-76.0398025512695
19100	-76.0170593261719
19150	-74.02490234375
19200	-75.2346954345703
19250	-79.0974426269531
19300	-78.6808776855469
19350	-75.9655227661133
19400	-74.5126571655273
19450	-77.0677032470703
19500	-77.9016342163086
19550	-76.6396484375
19600	-75.0836944580078
19650	-74.7391128540039
19700	-77.1081619262695
19750	-77.8718872070312
19800	-75.78759765625
19850	-74.940673828125
19900	-77.6785736083984
19950	-76.0710678100586
20000	-73.3875427246094
20050	-73.6627655029297
20100	-77.6732406616211
20150	-76.8406372070312
